Bridge slot 01 : 43 46 47 3A 3A 53 4C 4F 54 3A 3A 30 31 3B 31 31 35 32 30 30 3B 4E 0D 
Bridge slot 02 : 43 46 47 3A 3A 53 4C 4F 54 3A 3A 30 32 3B 31 31 35 32 30 30 3B 4E 0D
Bridge slot 03 : 43 46 47 3A 3A 53 4C 4F 54 3A 3A 30 33 3B 31 31 35 32 30 30 3B 4E 0D
Bridge slot 04 : 43 46 47 3A 3A 53 4C 4F 54 3A 3A 30 34 3B 31 31 35 32 30 30 3B 4E 0D
QUICKSET Freq1 : 54 53 54 3C 43 46 47 3A 31 34 37 3A 51 55 49 43 4B 53 45 54 3A 52 41 57 3A 6D 26 02 01 00 00 95 44 0D 10 FC 37 0D 10 54 3A 0D 10 AC 3C 0D 10 00 00 00 00 00 00 00 00 00 00 00 00 00 00 00 00 00 00 00 00 00 00 00 00 00 00 00 00 00 00 00 00 00 00 00 00 00 00 00 00 00 00 00 00 00 00 00 00 00 00 00 00 00 00 00 00 00 00 00 00 00 00 00 00 00 00 00 00 00 00 00 00 00 00 00 00 00 00 00 00 00 00 00 00 00 00 00 00 00 00 00 00 00 00 00 00 00 00 00 00 00 00 00 00 00 00 00 00 00 00 00 00 0D 0A
QUICKSET Freq2 : 54 53 54 3C 43 46 47 3A 31 34 37 3A 51 55 49 43 4B 53 45 54 3A 52 41 57 3A A2 1A 02 01 01 00 95 44 0D 20 D8 56 0D 20 AC 3C 0D 20 2A AB 0C 20 00 00 00 00 00 00 00 00 00 00 00 00 00 00 00 00 00 00 00 00 00 00 00 00 00 00 00 00 00 00 00 00 00 00 00 00 00 00 00 00 00 00 00 00 00 00 00 00 00 00 00 00 00 00 00 00 00 00 00 00 00 00 00 00 00 00 00 00 00 00 00 00 00 00 00 00 00 00 00 00 00 00 00 00 00 00 00 00 00 00 00 00 00 00 00 00 00 00 00 00 00 00 00 00 00 00 00 00 00 00 00 00 0D 0A
QUICKSET Freq3 : 54 53 54 3C 43 46 47 3A 31 34 37 3A 51 55 49 43 4B 53 45 54 3A 52 41 57 3A 52 BB 02 01 02 00 95 44 0D 20 1E AD 0C 20 FC 37 0D 20 D8 56 0D 20 54 3A 0D 20 2A AB 0C 20 AC 3C 0D 20 EE 31 0D 20 00 00 00 00 00 00 00 00 00 00 00 00 00 00 00 00 00 00 00 00 00 00 00 00 00 00 00 00 00 00 00 00 00 00 00 00 00 00 00 00 00 00 00 00 00 00 00 00 00 00 00 00 00 00 00 00 00 00 00 00 00 00 00 00 00 00 00 00 00 00 00 00 00 00 00 00 00 00 00 00 00 00 00 00 00 00 00 00 00 00 00 00 00 00 00 00 0D 0A
QUICKSET Freq4 : 54 53 54 3C 43 46 47 3A 31 34 37 3A 51 55 49 43 4B 53 45 54 3A 52 41 57 3A 1F 62 02 01 03 00 95 44 0D 20 64 48 0D 20 CC 3F 0D 20 EE 31 0D 20 34 50 0D 20 42 A7 0C 20 4C 4C 0D 20 06 B1 0C 20 00 00 00 00 00 00 00 00 00 00 00 00 00 00 00 00 00 00 00 00 00 00 00 00 00 00 00 00 00 00 00 00 00 00 00 00 00 00 00 00 00 00 00 00 00 00 00 00 00 00 00 00 00 00 00 00 00 00 00 00 00 00 00 00 00 00 00 00 00 00 00 00 00 00 00 00 00 00 00 00 00 00 00 00 00 00 00 00 00 00 00 00 00 00 00 00 0D 0A
QUICKSET Freq5 : 54 53 54 3C 43 46 47 3A 31 34 37 3A 51 55 49 43 4B 53 45 54 3A 52 41 57 3A 03 29 02 01 04 00 00 00 00 00 00 00 00 00 00 00 00 00 00 00 00 00 00 00 00 00 00 00 00 00 00 00 00 00 00 00 00 00 00 00 00 00 00 00 00 00 00 00 00 00 00 00 00 00 00 00 00 00 00 00 00 00 00 00 00 00 00 00 00 00 00 00 00 00 00 00 00 00 00 00 00 00 00 00 00 00 00 00 00 00 00 00 00 00 00 00 00 00 00 00 00 00 00 00 00 00 00 00 00 00 00 00 00 00 00 00 00 00 00 00 00 00 00 00 00 00 00 00 00 00 00 00 00 00 0D 0A
QUICKSET Freq6 : 54 53 54 3C 43 46 47 3A 31 34 37 3A 51 55 49 43 4B 53 45 54 3A 52 41 57 3A 1B F0 02 01 05 00 00 00 00 00 00 00 00 00 00 00 00 00 00 00 00 00 00 00 00 00 00 00 00 00 00 00 00 00 00 00 00 00 00 00 00 00 00 00 00 00 00 00 00 00 00 00 00 00 00 00 00 00 00 00 00 00 00 00 00 00 00 00 00 00 00 00 00 00 00 00 00 00 00 00 00 00 00 00 00 00 00 00 00 00 00 00 00 00 00 00 00 00 00 00 00 00 00 00 00 00 00 00 00 00 00 00 00 00 00 00 00 00 00 00 00 00 00 00 00 00 00 00 00 00 00 00 00 00 0D 0A
QUICKSET Freq7 : 54 53 54 3C 43 46 47 3A 31 34 37 3A 51 55 49 43 4B 53 45 54 3A 52 41 57 3A 32 9B 02 01 06 00 00 00 00 00 00 00 00 00 00 00 00 00 00 00 00 00 00 00 00 00 00 00 00 00 00 00 00 00 00 00 00 00 00 00 00 00 00 00 00 00 00 00 00 00 00 00 00 00 00 00 00 00 00 00 00 00 00 00 00 00 00 00 00 00 00 00 00 00 00 00 00 00 00 00 00 00 00 00 00 00 00 00 00 00 00 00 00 00 00 00 00 00 00 00 00 00 00 00 00 00 00 00 00 00 00 00 00 00 00 00 00 00 00 00 00 00 00 00 00 00 00 00 00 00 00 00 00 00 0D 0A
QUICKSET Freq8 : 54 53 54 3C 43 46 47 3A 31 34 37 3A 51 55 49 43 4B 53 45 54 3A 52 41 57 3A 2A 42 02 01 07 00 00 00 00 00 00 00 00 00 00 00 00 00 00 00 00 00 00 00 00 00 00 00 00 00 00 00 00 00 00 00 00 00 00 00 00 00 00 00 00 00 00 00 00 00 00 00 00 00 00 00 00 00 00 00 00 00 00 00 00 00 00 00 00 00 00 00 00 00 00 00 00 00 00 00 00 00 00 00 00 00 00 00 00 00 00 00 00 00 00 00 00 00 00 00 00 00 00 00 00 00 00 00 00 00 00 00 00 00 00 00 00 00 00 00 00 00 00 00 00 00 00 00 00 00 00 00 00 00 0D 0A
Quickset status 0 : 54 53 54 3C 43 46 47 3A 33 35 3A 51 55 49 43 4B 53 45 54 3A 52 41 57 3A 02 6B 02 04 00 00 00 00 00 00 00 00 00 00 00 00 00 00 00 00 00 00 0D 0A
Quickset status 1 : 54 53 54 3C 43 46 47 3A 33 35 3A 51 55 49 43 4B 53 45 54 3A 52 41 57 3A 32 87 02 04 00 00 01 00 00 00 00 00 00 00 00 00 00 00 00 00 00 00 0D 0A
Quickset RAD Slot1 : 54 53 54 3C 43 46 47 3A 36 33 3A 51 55 49 43 4B 53 45 54 3A 52 41 57 3A BA CC 02 02 00 00 41 00 00 00 02 02 00 04 04 01 05 00 00 00 00 01 00 01 00 00 00 00 00 00 00 00 00 00 00 00 00 00 00 00 00 00 00 00 00 00 00 00 00 00 0D 0A
QUICKSET RAD Slot2 : 54 53 54 3C 43 46 47 3A 36 33 3A 51 55 49 43 4B 53 45 54 3A 52 41 57 3A CD EA 02 02 00 00 41 00 00 00 02 02 00 04 04 01 05 00 00 00 00 00 00 01 00 00 00 00 00 00 00 00 00 00 00 00 00 00 00 00 00 00 00 00 00 00 00 00 00 00 0D 0A
QUICKSET RAD Slot3 : 54 53 54 3C 43 46 47 3A 36 33 3A 51 55 49 43 4B 53 45 54 3A 52 41 57 3A CD EA 02 02 00 00 41 00 00 00 02 02 00 04 04 01 05 00 00 00 00 00 00 01 00 00 00 00 00 00 00 00 00 00 00 00 00 00 00 00 00 00 00 00 00 00 00 00 00 00 0D 0A
QUICKSET RAD Slot4 : 54 53 54 3C 43 46 47 3A 36 33 3A 51 55 49 43 4B 53 45 54 3A 52 41 57 3A CD EA 02 02 00 00 41 00 00 00 02 02 00 04 04 01 05 00 00 00 00 00 00 01 00 00 00 00 00 00 00 00 00 00 00 00 00 00 00 00 00 00 00 00 00 00 00 00 00 00 0D 0A
Quickset STD Slot1 : 54 53 54 3C 43 46 47 3A 39 31 3A 51 55 49 43 4B 53 45 54 3A 52 41 57 3A 18 DF 02 03 00 00 B2 E0 21 B5 7C 4D FA 25 38 72 20 4A AF 56 41 FD 41 75 74 6F 6D 61 74 69 63 00 00 00 00 00 00 00 00 00 00 00 00 00 00 00 00 00 00 00 00 00 00 00 04 02 04 02 00 03 01 00 FF 7F 00 00 00 00 02 00 00 00 00 00 00 00 00 00 0D 0A
QUICKSET STD Slot2 : 54 53 54 3C 43 46 47 3A 39 31 3A 51 55 49 43 4B 53 45 54 3A 52 41 57 3A 56 B3 02 03 00 00 B2 E0 21 B5 7C 4D FA 25 38 72 20 4A AF 56 41 FD 41 75 74 6F 6D 61 74 69 63 00 00 00 00 00 00 00 00 00 00 00 00 00 00 00 00 00 00 00 00 00 00 00 04 02 02 02 00 03 01 00 FF 7F 00 00 00 00 02 00 00 00 00 00 00 00 00 00 0D 0A
QUICKSET STD Slot3 : 54 53 54 3C 43 46 47 3A 39 31 3A 51 55 49 43 4B 53 45 54 3A 52 41 57 3A A0 82 02 03 00 00 B2 E0 21 B5 7C 4D FA 25 38 72 20 4A AF 56 41 FD 41 75 74 6F 6D 61 74 69 63 00 00 00 00 00 00 00 00 00 00 00 00 00 00 00 00 00 00 00 00 00 00 00 04 02 03 02 00 03 01 00 FF 7F 00 00 00 00 02 00 00 00 00 00 00 00 00 00 0D 0A
QUICKSET STD Slot4 : 54 53 54 3C 43 46 47 3A 39 31 3A 51 55 49 43 4B 53 45 54 3A 52 41 57 3A 9B 43 02 03 00 00 B2 E0 21 B5 7C 4D FA 25 38 72 20 4A AF 56 41 FD 41 75 74 6F 6D 61 74 69 63 00 00 00 00 00 00 00 00 00 00 00 00 00 00 00 00 00 00 00 00 00 00 00 01 02 01 02 00 03 01 00 FF 7F 00 00 00 00 12 00 00 00 00 00 00 00 00 00 0D 0A
Quickset NAME Slot1 : 54 53 54 3C 43 46 47 3A 3A 55 4E 41 4D 45 3A 3A 43 2E 20 52 45 46 0D 0A 
QUICKSET NAME Slot2 : 54 53 54 3C 43 46 47 3A 3A 55 4E 41 4D 45 3A 3A 41 2E 20 52 45 46 31 0D 0A
QUICKSET NAME Slot3 : 54 53 54 3C 43 46 47 3A 3A 55 4E 41 4D 45 3A 3A 41 2E 20 52 45 46 32 0D 0A
QUICKSET NAME Slot4 : 54 53 54 3C 43 46 47 3A 3A 55 4E 41 4D 45 3A 3A 34 74 68 20 52 45 46 0D 0A 
ESG QUICKSET RAD Main : 54 53 54 3C 43 46 47 3A 36 33 3A 51 55 49 43 4B 53 45 54 3A 52 41 57 3A 23 A6 02 02 00 00 41 00 00 00 02 02 00 04 04 01 05 00 00 00 00 02 00 01 00 00 00 00 00 00 00 00 00 00 00 00 00 00 00 00 00 00 00 00 00 00 00 00 00 00 0D 0A
ESG QUICKSET STD Main : 54 53 54 3C 43 46 47 3A 39 31 3A 51 55 49 43 4B 53 45 54 3A 52 41 57 3A 89 C2 02 03 00 00 B2 E0 21 B5 7C 4D FA 25 38 72 20 4A AF 56 41 FD 41 75 74 6F 6D 61 74 69 63 00 00 00 00 00 00 00 00 00 00 00 00 00 00 00 00 00 00 00 00 00 00 00 02 02 0F 00 00 00 01 00 FF 5F 00 00 00 00 01 00 00 00 00 00 00 00 00 00 0D 0A
ESG QUICKSET NAME Main : 54 53 54 3C 43 46 47 3A 3A 55 4E 41 4D 45 3A 3A 57 49 20 4D 41 49 4E 0D 0A